89	16
62	17
92	15
92	14
90	7
86	8
91	18
86	10
86	16
90	17
960	10
825	9
813	9
722	16
549	14
521	16
513	9
509	11
473	21
421	10
48	16
49	16
51	19
50	20
54	18
52	11
53	20
47	20
57	11
48	8
1	21
1	20
1	9
58	11
59	16
61	19
61	8
58	17
62	11
59	12
59	11
60	10
60	15
32	13
30	17
27	22
28	13
25	18
23	8
33	17
24	19
31	8
36	11
14	15
14	7
14	5
13	10
11	16
11	11
12	9
10	11
9	19
9	19
560	15
504	12
451	8
421	15
234	24
399	9
369	17
365	18
363	15
357	9
85	10
87	20
83	15
81	19
80	8
88	18
84	14
89	15
86	7
85	12
140	16
148	14
145	12
152	17
141	13
141	19
144	11
136	12
139	18
142	15
52	17
54	13
52	6
56	9
54	15
52	18
51	14
53	7
51	13
55	10
75	14
996	13
740	19
734	14
710	14
682	18
593	13
498	5
475	8
446	9
59	15
54	22
52	15
52	11
53	16
55	11
52	14
54	11
60	5
54	12
47	14
51	14
49	16
49	8
47	12
57	16
46	18
52	12
49	16
52	16
126	12
132	16
133	18
135	10
132	14
129	21
129	18
129	10
130	10
125	14
30	13
30	15
29	17
31	8
30	9
28	12
31	12
28	7
28	10
27	10
89	19
92	11
105	19
90	12
93	15
91	11
90	11
96	14
92	13
95	11
74	11
73	10
79	14
77	8
75	18
80	11
78	18
73	15
72	17
74	19
66	19
66	12
63	12
47	12
64	12
64	7
61	15
65	8
63	9
66	15
98	4
91	16
93	14
92	15
91	17
93	18
95	9
96	16
94	5
96	22
128	9
135	11
123	12
119	13
75	19
81	18
76	19
125	9
119	11
120	10
25	15
22	19
25	17
23	15
22	12
22	7
24	18
23	27
22	6
24	14
90	13
91	11
97	14
93	10
92	8
95	15
84	12
86	20
96	19
91	11
82	16
74	8
83	13
76	12
78	16
80	14
82	18
78	11
81	15
79	7
59	7
57	10
57	10
56	12
58	19
58	10
55	19
54	19
57	15
58	16
34	13
35	16
35	10
34	9
33	9
35	10
34	20
34	11
35	12
35	15
81	10
78	10
76	13
66	10
66	13
64	11
61	13
61	13
59	15
59	5
51	10
49	5
46	19
46	16
43	17
43	13
42	11
44	22
44	16
42	10
129	13
131	18
136	7
134	5
135	8
135	13
132	20
138	9
132	12
135	16
42	9
40	17
40	10
43	11
44	13
41	12
43	19
44	11
40	11
40	12
131	10
123	11
121	16
118	6
119	14
131	9
110	3
109	10
114	15
111	11
63	20
66	10
67	6
62	11
61	13
66	14
68	13
63	10
61	17
65	18
65	13
65	17
70	15
65	12
66	9
72	5
68	10
67	6
70	9
67	15
27	14
28	11
27	11
27	15
30	14
25	8
26	9
25	12
26	14
28	9
117	14
121	12
121	9
117	11
117	9
122	14
118	8
121	21
119	9
122	12
57	9
62	9
65	12
60	18
58	15
57	14
60	10
60	17
58	11
63	14
52	13
48	12
49	10
53	13
50	13
49	17
51	18
55	12
45	17
53	9
0	15
0	20
2	16
4	18
0	19
1	20
0	17
3	19
1	14
2	14
245	16
243	10
245	13
242	12
222	9
227	15
230	17
140	17
221	7
226	8
73	6
76	9
73	9
74	9
74	11
73	7
73	16
74	20
78	14
70	16
54	19
58	10
58	17
54	17
58	16
60	14
59	19
59	18
55	20
54	8
76	10
79	9
75	12
75	11
79	19
76	19
74	4
78	11
77	10
80	16
365	7
357	10
347	19
336	9
350	15
309	18
334	10
318	17
325	17
332	13
28	14
27	12
25	9
25	8
24	18
25	8
25	10
24	8
24	19
25	11
64	15
61	17
64	14
59	19
60	22
62	15
57	11
62	19
60	10
57	20
5	11
1	13
0	17
3	17
3	21
3	12
1	17
1	9
1	17
3	22
0	21
2	20
1	13
1	13
0	12
0	18
1	24
0	14
1	20
1	13
1	15
2	21
1	8
0	8
0	15
2	16
1	17
0	16
2	15
2	14
23	13
19	14
24	13
21	12
19	19
31	22
18	14
25	13
20	10
21	18
0	8
2	15
2	24
3	19
1	11
0	9
1	16
1	18
1	14
0	8
60	11
59	14
61	20
46	16
44	15
42	13
42	13
40	18
44	14
43	12
28	17
32	20
34	21
29	18
40	12
33	11
29	11
36	8
31	9
36	21
74	9
78	13
74	8
66	20
70	18
65	13
67	10
68	12
70	15
77	16
0	11
1	15
1	25
2	10
4	7
0	9
0	14
0	17
1	12
1	20
66	18
61	8
62	18
64	11
67	11
62	15
63	14
62	10
64	19
65	10
64	10
66	13
67	13
66	7
67	4
64	9
66	11
66	15
62	14
64	20
64	9
55	17
68	9
68	17
62	12
58	11
60	11
41	14
63	17
61	14
51	15
47	18
54	9
47	12
51	17
55	9
50	17
58	12
49	10
48	16
0	10
0	8
2	11
3	19
1	10
2	12
1	15
0	13
1	12
15	19
16	19
14	17
15	14
20	11
15	19
17	24
17	12
16	17
17	14
215	10
210	11
205	22
126	12
194	11
195	12
207	8
198	17
199	12
192	12
1	20
0	12
1	10
0	18
1	15
0	20
0	13
0	22
1	20
3	21
275	19
232	11
225	10
192	10
155	18
155	13
126	19
145	13
120	10
118	10
15	14
16	12
16	17
12	15
19	18
15	15
19	18
16	10
14	21
17	17
27	10
31	19
27	13
28	19
25	19
25	16
28	14
27	18
28	14
23	21
0	16
1	8
0	13
3	18
3	10
2	11
0	12
5	10
0	18
1	10
109	12
112	7
111	7
119	12
119	21
106	16
116	17
110	8
103	16
99	19
4	20
2	9
0	10
7	18
0	17
0	17
1	14
0	18
2	6
0	18
19	13
18	9
18	9
18	10
17	17
18	11
17	17
16	14
17	6
16	7
56	12
54	16
54	15
55	12
53	9
52	19
54	9
51	18
54	16
53	17
0	15
1	12
22	10
11	15
11	14
0	11
0	18
0	8
0	15
0	17
57	11
61	16
58	12
61	11
61	15
61	13
55	18
63	9
60	13
62	12
95	14
96	15
95	17
97	19
92	21
99	14
97	7
96	11
103	13
95	10
90	13
101	10
95	11
89	20
91	11
98	14
89	12
90	25
92	20
94	16
46	14
45	13
46	17
45	8
46	17
45	16
50	11
45	12
45	15
53	11
138	14
131	16
140	15
142	14
146	12
140	20
130	17
134	13
130	6
139	8
0	9
0	20
1	15
0	16
1	17
1	24
1	18
0	11
2	14
0	17
64	12
58	8
58	11
61	22
55	21
57	19
59	13
58	11
57	12
58	12
64	19
69	14
62	20
63	13
59	22
67	9
74	12
59	13
70	14
64	20
1	20
0	7
0	18
4	20
1	10
0	18
0	11
1	17
0	15
0	13
38	19
42	12
40	17
50	19
46	19
37	19
41	21
40	24
41	14
40	15
43	14
35	13
38	13
35	13
43	12
42	19
37	17
38	15
40	12
36	11
258	12
256	18
246	15
264	7
267	12
259	5
257	19
235	15
253	12
255	14
88	12
91	15
95	13
89	10
87	15
85	3
62	12
89	13
86	8
85	18
21	24
17	19
18	7
17	17
18	14
30	14
24	13
20	19
17	17
23	11
138	10
138	17
130	16
137	9
141	7
139	21
137	20
143	12
140	12
134	17
356	7
315	11
337	12
317	17
303	8
326	10
301	17
305	20
291	12
307	16
3	15
0	13
0	15
3	19
1	17
2	14
1	9
2	15
2	15
2	16
11	18
13	10
10	12
9	18
11	20
8	6
10	19
9	8
17	18
10	12
86	24
79	15
74	11
76	10
76	16
89	19
77	11
74	10
77	9
73	13
43	19
35	19
33	17
16	9
50	18
40	10
48	14
42	20
41	14
47	15
15	17
10	15
13	17
12	8
13	13
15	9
14	16
16	22
9	11
12	10
373	10
283	11
266	13
73	11
265	15
290	7
250	9
257	12
272	7
226	15
26	9
33	17
32	16
27	17
31	15
27	11
25	14
26	16
37	6
26	20
17	16
15	12
22	15
17	11
13	11
19	13
14	11
19	13
15	18
13	18
49	13
44	14
41	25
50	18
45	18
53	14
41	19
47	17
51	11
50	17
0	18
1	14
0	15
0	17
0	16
1	15
1	11
1	11
0	9
2	11
2	15
2	15
3	14
1	14
2	18
1	12
2	11
2	13
2	18
0	18
86	9
93	18
81	13
89	21
88	12
85	15
92	7
85	13
87	12
87	8
87	18
86	6
90	12
88	11
85	19
90	9
86	14
86	14
91	18
85	17
1	14
0	18
0	18
0	20
2	12
2	8
0	15
1	21
0	14
0	18
55	13
53	10
56	8
52	19
55	12
55	18
52	23
51	17
52	20
52	17
22	19
23	12
21	9
21	12
23	11
24	16
22	15
21	12
22	19
21	13
120	15
112	13
115	14
120	18
119	11
113	12
131	10
116	14
116	18
121	12
0	15
1	17
0	22
1	16
0	20
3	16
0	10
0	12
0	17
0	9
0	14
4	15
1	9
3	18
0	24
1	12
3	10
1	15
4	12
0	13
85	19
80	6
86	15
92	14
82	14
79	12
79	9
82	8
85	11
81	18
65	14
67	16
66	8
71	15
70	13
44	17
71	23
64	17
69	16
69	17
13	11
17	9
13	9
14	15
16	22
13	10
14	20
23	20
19	11
20	16
911	10
714	8
577	13
540	11
429	18
401	4
380	14
363	22
345	6
335	7
161	15
164	11
164	22
162	15
160	19
160	10
161	8
165	11
157	20
154	11
101	13
101	12
96	16
91	7
93	9
88	22
86	12
86	5
77	10
76	11
57	15
57	14
60	16
57	11
61	16
58	12
61	11
61	15
61	13
55	18
0	12
2	14
2	10
1	15
3	10
0	18
0	9
5	9
2	15
3	18
55	15
53	15
55	18
59	11
56	10
59	9
56	9
56	21
55	16
56	17
53	19
53	9
56	15
52	19
60	16
55	10
51	19
51	13
51	14
52	18
28	14
27	10
31	9
28	10
29	10
27	7
28	12
26	13
26	13
26	14
8	13
13	14
13	10
10	16
11	15
8	13
9	20
12	15
13	19
10	16
16	17
16	15
15	15
16	13
22	19
17	18
21	14
18	9
0	24
3	19
167	11
167	12
158	15
155	9
121	15
110	9
102	8
100	6
103	17
101	7
119	21
110	16
95	22
92	9
89	9
61	8
103	17
83	6
80	9
77	16
77	17
75	8
79	19
80	24
80	18
76	19
78	10
77	11
76	18
77	11
59	16
62	16
65	16
60	16
54	20
62	16
52	15
61	13
56	8
60	12
63	16
63	10
67	5
66	12
65	18
72	14
71	13
67	22
65	8
66	15
33	12
29	13
33	10
37	18
26	24
30	25
29	15
32	18
28	11
34	16
26	21
24	16
25	18
25	14
23	6
27	14
25	18
23	16
26	17
23	13
101	12
92	18
93	17
98	20
95	15
95	19
98	16
94	16
93	18
93	12
38	8
40	9
38	15
40	14
39	13
37	9
41	10
38	15
39	15
38	11
59	12
56	19
60	18
56	19
55	7
59	12
61	14
55	8
59	17
55	15
19	10
19	14
18	16
18	12
17	10
17	8
17	14
20	11
17	6
17	8
60	22
67	15
65	15
59	18
60	25
59	18
63	21
60	21
62	21
64	15
2	14
1	16
0	13
0	22
2	18
2	8
1	11
0	19
3	9
1	13
2	19
0	9
1	15
0	15
1	16
0	16
1	19
0	12
1	16
153	15
160	18
162	6
161	9
158	6
156	10
162	17
155	14
147	14
151	14
48	10
50	17
47	11
49	13
52	17
54	13
49	10
53	15
49	20
52	14
21	13
18	15
23	19
17	6
18	16
18	22
14	13
20	11
19	9
14	15
1	21
1	17
0	15
0	13
3	21
1	6
1	10
2	20
0	14
52	10
51	9
53	22
57	16
55	13
55	17
53	12
59	12
57	17
54	15
177	7
167	12
160	6
163	6
173	12
160	12
152	10
163	16
155	18
166	22
3	12
0	13
1	13
2	20
0	16
2	10
1	18
1	15
26	12
16	20
13	16
20	16
16	16
16	13
20	15
14	12
20	16
12	20
76	11
78	20
82	11
82	24
73	24
81	12
79	16
75	19
82	7
77	14
35	15
36	16
31	17
37	8
35	13
33	13
32	22
36	20
31	17
32	15
142	8
143	10
135	15
139	13
135	15
142	8
133	20
137	7
133	12
130	16
56	10
54	11
54	16
57	8
59	19
56	11
53	12
59	8
57	14
57	10
14	13
20	12
14	19
17	12
13	12
13	14
14	15
16	16
14	19
14	9
65	13
65	21
66	6
69	8
69	19
66	6
67	10
71	10
65	10
70	19
75	13
81	12
75	18
79	12
81	21
77	12
74	16
80	17
79	19
75	8
43	10
42	5
41	10
46	12
46	19
46	10
42	13
47	7
44	18
45	13
66	15
63	9
65	12
65	10
66	12
61	16
62	7
59	17
62	19
65	12
12	10
12	8
13	17
13	10
23	15
13	19
14	13
14	13
11	18
20	16
9	10
14	20
12	16
14	12
10	15
9	12
11	16
14	14
9	11
13	16
58	15
61	7
58	11
59	8
60	14
60	9
57	17
60	13
59	19
57	13
65	10
62	16
71	18
70	9
73	20
62	13
70	16
74	9
70	11
61	20
22	14
17	13
16	16
16	11
16	6
19	15
24	13
16	15
18	7
18	10
1	10
2	9
5	10
0	12
0	11
1	17
3	9
1	15
1	18
65	12
62	7
63	9
66	11
59	13
62	15
58	8
62	13
66	12
67	18
1	10
1	13
3	21
6	18
3	10
0	17
5	17
0	9
0	15
0	19
171	14
169	7
171	18
170	11
167	7
171	15
167	20
171	12
159	12
158	9
37	13
37	8
40	8
37	18
37	8
37	13
40	17
40	21
41	11
36	19
113	15
118	9
119	10
115	12
115	13
115	5
110	18
121	9
114	19
110	10
93	11
93	19
101	9
99	8
99	14
91	17
94	9
95	8
97	12
89	11
57	13
52	16
60	17
55	18
69	19
56	14
52	18
56	16
63	14
57	9
100	13
106	10
107	11
102	16
99	15
100	7
109	11
108	14
96	15
97	15
2	15
2	14
1	16
0	20
1	10
2	12
1	19
1	16
1	15
0	10
13	16
15	20
16	11
17	12
13	19
13	17
16	15
18	17
13	16
15	17
97	7
91	13
91	17
94	15
94	11
101	15
98	14
98	19
94	17
88	13
67	14
70	8
70	6
67	14
69	13
66	9
72	10
68	11
69	10
68	11
2	15
0	13
0	12
0	19
1	13
0	14
0	9
4	7
1	14
1	18
4	10
0	11
0	22
1	10
2	19
0	9
1	15
0	15
50	15
50	8
51	12
50	15
52	16
52	19
49	10
54	15
49	5
49	11
26	11
33	8
25	10
29	14
33	15
30	14
27	16
26	10
25	14
27	22
82	11
79	10
74	8
75	14
80	11
79	15
78	11
74	10
78	20
80	15
40	9
41	16
41	16
40	18
41	13
40	10
43	11
42	8
42	12
40	15
49	10
48	16
47	9
56	14
51	11
56	11
53	25
52	13
51	8
52	19
53	18
54	10
51	13
53	16
53	12
51	17
56	8
52	11
55	21
52	19
11	11
10	22
12	20
12	10
17	12
11	17
10	16
10	10
9	22
10	16
141	14
148	10
141	15
91	20
95	11
145	18
153	17
146	12
143	12
148	22
46	12
49	13
44	9
48	13
41	14
45	16
46	20
43	17
41	13
42	20
74	13
71	6
73	20
72	8
65	16
72	9
70	14
68	9
68	11
72	14
62	15
66	19
63	16
60	18
65	13
57	19
57	9
62	9
65	12
60	18
128	7
124	16
124	19
126	11
120	20
128	15
125	10
124	15
124	8
122	11
69	15
70	12
73	12
77	16
70	19
70	19
70	18
75	12
71	16
69	19
63	14
66	19
59	17
59	13
68	8
58	16
68	17
58	17
60	12
58	15
113	8
116	17
121	16
107	14
114	14
109	15
108	7
121	6
112	5
115	10
106	17
104	20
105	21
104	6
99	18
103	10
109	14
102	12
109	10
103	9
49	11
51	18
52	16
48	11
53	12
50	10
51	7
50	20
49	16
52	10
41	14
45	11
42	9
40	17
40	10
44	13
41	12
44	18
43	19
44	11
120	16
114	7
107	18
117	17
111	10
115	12
115	19
118	8
107	9
116	11
83	16
77	21
81	17
84	13
88	15
80	14
78	7
78	14
83	10
75	14
86	5
83	11
74	17
75	16
72	10
76	21
82	9
77	9
81	13
81	13
84	13
83	17
87	18
84	9
84	8
86	13
85	15
85	7
85	10
90	7
60	16
51	13
53	14
54	15
55	21
50	8
54	15
58	16
57	12
63	14
128	7
139	14
138	19
130	9
135	13
129	10
128	19
133	9
134	16
132	16
35	16
25	11
27	14
27	14
26	14
30	10
28	14
29	18
31	16
25	19
54	10
53	14
53	8
55	16
50	16
48	14
51	11
52	22
51	6
50	15
28	14
29	7
27	10
28	20
28	12
27	12
27	25
29	7
29	8
28	13
35	14
32	13
36	14
41	10
37	19
45	11
37	18
35	18
34	6
35	16
75	12
67	16
74	11
49	9
71	11
74	13
66	15
73	18
72	14
73	16
411	8
404	8
371	10
346	18
360	10
336	11
321	10
318	21
313	6
323	8
55	17
54	8
56	15
55	15
55	17
57	13
52	15
59	20
54	21
54	13
86	10
85	10
84	14
89	13
89	12
83	11
85	8
81	15
82	13
84	17
110	15
103	12
108	7
119	14
111	19
101	18
100	14
116	15
110	15
111	18
15	17
18	12
24	15
19	19
15	15
18	15
23	19
24	18
23	15
17	16
980	8
376	7
292	14
279	15
299	13
253	13
241	13
150	7
215	15
217	17
66	15
70	19
74	15
67	20
82	11
77	17
45	14
62	15
65	17
62	9
43	19
41	18
44	11
41	18
40	11
43	10
43	21
49	19
44	20
44	15
97	19
97	17
89	11
96	13
88	7
95	14
87	15
89	16
88	10
93	11
85	17
81	15
83	8
95	7
85	9
89	7
81	18
80	13
79	15
84	10
88	11
85	13
55	20
55	19
85	16
86	18
85	13
85	15
88	18
85	23
164	7
167	17
170	18
170	13
160	13
158	15
161	7
166	13
157	18
155	18
54	11
51	14
50	14
51	25
50	12
52	12
52	16
50	9
51	10
49	12
53	8
51	11
48	14
51	15
50	15
51	14
52	7
51	10
49	6
53	9
185	11
169	9
169	11
164	16
153	7
147	12
165	16
49	5
149	16
157	18
4	8
1	14
0	14
1	19
0	19
2	10
0	16
0	15
1	18
3	8
74	11
71	15
69	22
70	11
72	16
74	16
72	10
77	9
74	13
73	16
35	10
31	12
32	20
32	15
31	12
30	14
32	12
33	7
32	9
30	20
1	15
1	9
1	7
1	18
3	15
1	12
3	8
0	15
0	16
2	18
235	14
234	12
232	11
228	19
224	10
230	19
221	12
217	15
220	9
209	19
55	13
56	6
49	18
52	18
60	12
48	14
59	16
49	12
48	16
42	14
215	12
105	12
88	12
80	13
67	9
61	20
59	17
66	8
57	20
50	7
111	10
105	11
106	11
110	9
103	20
104	9
105	15
106	15
103	18
107	13
41	12
46	9
40	18
39	17
38	11
44	10
42	14
47	21
45	12
38	11
11	9
13	16
14	15
16	9
15	18
13	12
16	8
20	11
19	18
13	14
42	10
42	12
40	17
43	21
41	12
21	10
36	19
39	14
39	14
39	23
43	12
48	15
40	11
44	9
44	19
46	9
48	11
47	9
49	7
43	17
74	6
74	13
76	10
70	15
66	12
69	13
63	17
64	10
70	10
73	19
54	13
54	22
52	16
52	7
54	13
60	16
55	6
62	18
56	12
51	16
57	9
56	14
59	11
56	20
58	13
58	15
59	18
56	20
58	13
62	14
3	12
1	16
0	11
1	21
1	17
2	9
1	18
1	21
1	17
0	15
24	16
20	11
30	15
30	7
22	16
21	12
24	23
22	19
29	13
26	19
53	20
55	9
55	8
53	13
57	15
57	12
55	7
60	18
54	11
59	11
49	12
46	15
45	12
43	15
44	15
44	9
46	16
43	9
52	11
48	16
28	8
30	17
28	12
28	6
30	15
30	12
31	22
31	10
28	10
27	17
111	20
111	17
115	8
107	9
106	11
106	20
106	16
106	9
105	11
107	14
17	25
18	11
16	20
19	18
24	14
23	16
23	10
22	18
22	13
17	18
33	17
29	21
30	10
30	5
29	13
34	10
29	9
29	20
29	7
29	20
152	17
154	11
147	16
150	7
153	10
152	20
144	16
151	15
149	14
145	7
33	22
30	19
28	15
29	15
31	15
35	16
27	12
25	19
27	14
27	14
13	14
15	15
11	13
14	17
11	15
10	12
10	8
14	13
12	16
10	22
201	10
182	11
191	16
173	11
174	12
170	14
55	10
172	11
182	10
160	20
57	14
58	12
58	14
63	14
57	6
60	16
59	10
57	10
56	12
60	23
63	14
69	14
62	20
63	13
59	22
67	9
74	12
59	13
70	14
64	20
43	11
43	18
41	9
49	8
48	12
41	16
42	11
43	9
43	19
45	19
2	14
1	18
1	19
0	22
5	16
0	14
0	21
0	11
0	12
3	23
59	8
57	14
55	17
57	10
58	12
53	7
60	10
59	19
55	8
55	7
0	15
2	15
0	14
2	17
0	11
2	16
1	11
1	11
3	12
0	12
59	9
54	9
50	9
51	7
55	14
52	14
53	13
50	12
50	14
53	11
1	16
1	18
1	14
0	8
1	13
1	13
3	13
1	24
1	20
0	20
46	9
50	15
52	17
52	11
51	8
46	16
47	12
47	11
49	13
47	10
97	10
95	12
94	20
95	15
94	13
99	7
94	18
95	13
99	17
95	18
127	15
118	16
117	19
119	6
80	16
115	18
122	18
114	16
114	13
119	13
234	15
220	13
211	16
214	16
233	14
210	14
225	12
208	12
217	15
209	18
52	13
52	16
58	16
55	10
58	9
55	12
51	12
52	13
51	19
53	16
3	11
2	6
0	11
2	18
2	9
0	15
0	17
3	16
0	14
4	15
10	17
14	17
14	14
11	19
14	16
14	10
12	15
11	10
16	11
12	15
89	9
106	12
91	17
88	16
102	17
95	15
97	7
95	13
92	7
57	11
67	9
69	9
66	17
71	17
66	11
66	15
63	17
63	14
64	15
65	19
17	10
15	17
16	13
16	16
14	4
21	12
21	9
17	10
21	14
15	11
82	16
81	11
82	17
86	9
85	12
82	10
81	9
84	14
80	18
81	16
32	14
32	10
39	16
34	10
39	13
4	18
5	10
31	13
38	15
35	17
41	12
42	9
39	19
39	16
37	17
43	15
39	18
53	19
38	18
1	14
1	14
3	13
2	14
0	13
2	19
0	19
0	17
0	15
0	12
19	14
18	16
15	8
19	16
23	15
16	13
26	16
19	18
20	17
17	14
0	5
1	17
3	22
3	17
0	13
2	13
1	22
4	21
0	9
0	21
77	6
83	17
75	20
82	10
81	11
75	13
78	13
82	17
76	12
82	10
50	10
49	6
48	6
46	13
47	17
50	15
50	20
48	16
46	21
47	10
63	9
61	17
62	14
60	9
59	24
64	5
60	19
60	8
59	6
60	18
3	10
0	18
0	11
0	16
0	14
0	19
0	18
0	14
2	14
11	22
15	14
9	20
14	12
14	15
6	19
2	18
5	17
6	10
3	16
2	20
1	20
0	18
1	18
0	15
0	18
4	19
3	23
2	10
84	15
95	16
87	14
83	16
86	10
84	13
86	13
86	13
84	17
88	13
22	16
20	14
20	18
21	12
24	22
20	8
21	8
20	9
20	10
20	18
39	15
35	9
35	11
38	19
41	6
42	16
35	7
33	6
45	16
33	15
32	16
23	12
23	18
30	9
0	12
25	10
22	15
20	17
22	14
30	11
10	12
10	22
10	13
9	12
9	15
10	17
10	11
12	8
8	15
9	12
57	11
67	12
70	15
69	19
63	12
64	10
56	17
70	8
59	14
69	17
75	15
59	15
69	17
57	7
62	7
54	6
65	10
66	17
61	10
59	11
18	11
13	20
13	5
18	11
16	9
17	14
15	15
12	11
14	15
17	7
37	14
30	22
29	17
34	15
33	14
46	12
37	9
31	17
36	19
33	15
151	16
169	11
162	14
154	17
160	11
145	13
164	12
152	11
150	18
153	18
0	10
5	11
1	13
3	17
3	12
1	17
1	15
0	14
1	9
0	6
63	15
72	18
61	13
67	13
60	10
62	17
63	19
71	20
67	16
61	17
86	16
84	18
89	15
88	15
87	12
87	22
88	11
85	17
86	9
90	10
68	15
64	9
68	19
63	10
66	19
64	10
62	16
68	12
43	11
62	9
54	9
60	13
59	18
59	13
56	19
57	18
56	9
55	15
52	10
50	16
27	15
30	14
25	8
26	9
25	12
26	14
28	9
25	13
26	7
25	17
96	14
92	8
92	15
90	12
86	13
89	17
95	17
88	18
91	8
84	12
99	20
99	11
100	20
99	16
103	15
103	19
104	12
102	9
100	20
104	19
42	14
40	11
39	23
43	17
41	15
47	14
40	13
41	16
42	12
41	18
108	17
112	19
116	10
113	17
110	8
122	6
107	16
112	14
74	17
108	13
58	21
56	17
48	15
50	10
52	20
47	4
50	12
52	12
48	12
50	8
87	18
91	9
86	17
89	17
88	19
93	13
90	19
88	18
85	17
92	14
5	16
3	19
1	19
3	14
0	12
1	18
3	18
0	17
0	20
1	12
72	10
68	13
68	23
67	18
64	11
65	14
68	15
74	18
68	11
68	10
75	17
67	12
65	12
66	9
65	9
66	15
67	11
64	15
66	21
64	6
60	16
56	20
58	19
53	9
56	12
56	11
53	11
52	12
53	12
55	13
148	14
150	10
160	15
145	15
155	16
149	16
152	8
149	20
148	17
88	7
53	19
56	15
53	9
54	8
52	20
52	13
53	12
59	18
50	7
52	20
31	21
30	6
29	14
33	17
31	15
29	20
29	13
30	14
29	9
30	19
303	5
283	10
294	10
280	18
273	14
250	10
244	16
236	16
244	10
230	7
50	6
50	14
48	17
49	13
49	14
48	9
44	9
41	19
41	10
41	11
58	16
57	10
58	17
56	19
57	15
57	14
60	16
57	11
61	16
58	12
78	12
68	15
78	23
72	15
70	14
73	13
73	9
77	14
67	12
71	12
89	17
85	8
78	10
85	12
83	12
77	9
83	9
81	22
83	15
80	8
2	15
0	13
1	16
1	14
1	8
0	21
5	15
2	9
3	17
2	17
81	12
82	17
82	21
76	13
81	9
76	21
77	9
77	5
75	11
79	12
88	10
92	12
86	16
89	15
93	9
84	9
84	22
88	8
87	15
90	16
55	12
57	20
58	14
56	16
60	20
56	11
59	13
56	10
58	23
57	17
58	10
58	14
55	8
62	20
57	8
57	17
59	8
58	18
58	18
63	15
62	12
64	12
60	19
66	14
70	22
61	20
64	11
63	16
66	16
71	12
91	18
92	20
89	13
91	8
89	11
91	17
89	13
92	14
95	21
94	15
65	16
68	13
67	15
65	17
68	17
67	11
65	16
73	16
66	19
68	18
155	9
150	18
151	13
158	14
155	4
153	8
148	12
154	15
153	14
148	19
58	17
68	16
59	11
61	9
65	16
62	17
61	17
65	14
66	16
64	16
14	20
9	12
14	23
10	17
14	8
10	18
10	13
11	17
14	10
12	18
12	13
10	20
12	13
11	12
9	15
14	18
10	13
12	15
14	10
13	12
36	14
32	15
34	12
37	12
43	6
37	10
34	11
34	19
36	8
36	10
10	8
7	19
6	8
4	10
6	13
0	9
17	14
20	11
17	6
17	8
19	13
18	9
18	9
18	10
17	17
18	11
0	19
3	14
1	16
0	17
0	11
0	12
4	18
2	20
2	15
146	11
157	5
155	20
146	16
145	13
148	6
143	10
143	12
147	17
146	11
56	14
59	15
62	12
58	13
55	19
54	12
55	21
57	14
56	9
57	15
75	17
70	18
80	13
78	19
74	18
76	13
72	14
73	11
76	17
70	10
115	6
105	11
116	12
105	14
106	14
108	16
104	15
113	19
103	16
114	10
110	12
105	12
107	16
108	8
106	10
108	12
112	19
108	13
103	20
108	19
96	11
101	10
95	20
93	13
97	8
93	10
97	11
93	14
92	9
93	14
11	12
11	16
16	6
10	20
17	19
11	18
15	12
19	11
12	19
17	19
53	11
55	11
55	17
57	12
56	14
53	10
63	9
54	16
55	17
54	12
14	17
12	16
12	20
14	15
13	9
13	12
11	24
15	18
12	18
12	10
55	15
56	10
61	15
57	14
58	10
61	13
58	9
56	18
57	13
59	20
64	9
65	12
64	14
61	5
66	12
42	13
40	16
64	11
61	14
67	13
16	10
18	11
19	17
15	9
20	9
21	14
16	14
18	7
18	15
16	13
49	13
49	13
49	12
56	16
48	7
46	10
47	5
45	5
50	15
50	16
1	11
0	18
1	18
0	11
0	16
1	19
2	21
0	17
1	18
0	11
103	16
99	11
97	20
100	17
103	12
104	14
100	15
98	15
103	12
101	9
82	11
86	7
92	15
80	16
81	14
92	20
87	17
88	15
90	19
80	12
78	17
63	16
62	18
64	14
69	13
64	15
71	17
64	6
73	12
66	18
21	16
20	9
19	8
21	13
19	10
21	14
19	10
19	15
20	13
19	8
17	17
16	14
16	7
17	15
16	20
16	14
17	9
16	2
17	13
16	13
154	15
158	14
155	8
102	10
153	21
149	13
46	11
149	11
151	8
147	16
78	10
78	7
80	8
86	10
80	21
78	10
81	11
79	14
78	17
80	19
32	12
28	12
32	12
27	18
33	23
33	5
26	19
26	8
35	13
30	12
66	12
63	9
59	15
63	12
63	14
62	22
62	13
66	16
65	13
67	14
23	10
23	17
25	16
21	13
25	8
24	13
22	19
32	19
23	10
25	12
5	16
2	12
4	13
5	12
5	7
7	20
8	11
14	12
12	5
11	12
109	13
102	11
98	15
95	15
98	16
111	12
108	17
104	7
103	9
99	14
14	11
14	16
15	7
14	7
16	17
14	8
15	9
14	19
14	10
14	18
161	10
166	13
162	13
161	10
159	9
153	17
161	9
160	10
172	9
156	16
35	21
34	10
30	16
32	19
31	14
31	20
29	25
31	12
29	17
32	8
44	19
43	10
43	22
45	10
46	8
42	11
43	17
44	16
43	19
42	9
22	19
21	19
18	16
18	20
18	15
22	14
17	10
17	8
22	17
19	13
240	12
231	6
229	5
226	11
224	13
214	16
212	16
210	10
205	10
215	11
21	14
24	8
23	16
21	7
20	17
18	17
17	22
18	13
25	9
23	10
54	15
70	15
57	11
63	10
59	16
56	20
57	19
56	12
51	14
49	13
25	9
25	18
32	13
30	19
35	12
40	14
35	15
36	21
34	18
32	13
84	6
89	13
95	8
89	14
88	15
88	12
93	16
86	17
92	13
81	10
66	16
64	7
65	15
61	15
65	17
59	10
41	19
58	14
67	14
63	10
0	20
2	19
0	17
4	17
0	16
1	18
2	10
3	15
0	13
0	15
66	20
62	19
62	10
68	23
63	7
62	11
63	11
63	9
64	15
65	10
0	11
1	16
3	14
0	17
2	10
1	14
1	16
0	12
2	17
0	11
70	7
66	12
64	22
68	15
71	10
67	16
72	18
67	16
66	16
66	11
30	13
32	14
34	13
31	15
38	9
35	14
31	19
33	10
31	14
35	14
123	22
126	10
123	6
141	14
77	12
125	8
123	11
116	20
120	17
131	13
83	13
84	14
82	13
82	18
86	9
81	12
82	15
87	14
82	7
80	12
70	18
67	16
66	13
66	15
64	15
65	8
67	13
68	14
69	16
66	6
40	10
37	12
41	22
40	11
37	17
37	6
36	17
43	8
37	19
37	13
49	9
49	18
51	14
50	13
52	13
53	19
47	13
50	13
48	12
52	14
59	18
66	14
64	18
55	8
60	19
65	10
57	10
43	19
55	16
61	10
53	6
76	9
73	6
75	13
73	14
72	20
74	10
71	17
72	14
76	15
60	10
57	11
56	13
56	15
53	11
55	16
58	10
53	5
58	14
55	13
2	16
0	16
4	14
9	14
7	14
3	14
0	16
4	14
3	14
0	13
74	13
70	12
46	9
72	8
69	16
70	20
69	23
68	21
69	19
74	10
11	17
15	6
11	20
13	18
14	20
14	7
12	19
19	10
19	15
11	13
15	9
16	14
14	13
12	24
10	9
20	11
15	10
12	13
13	11
14	16
216	9
211	6
217	11
210	12
209	12
223	12
205	15
214	8
203	12
208	14
68	20
70	20
63	22
64	11
64	18
63	15
65	12
63	12
61	16
66	9
183	14
186	15
175	13
179	18
181	15
184	16
183	11
183	19
180	10
181	11
15	20
14	12
11	18
11	14
23	21
14	12
17	17
17	9
13	15
17	20
41	8
62	16
47	16
54	18
48	15
48	11
50	6
48	18
41	14
46	19
47	11
44	15
40	10
43	17
50	16
41	13
53	10
49	11
42	13
47	13
43	15
145	16
150	9
143	15
156	7
145	11
138	17
134	13
138	10
136	19
84	17
77	7
79	20
80	19
83	12
83	21
80	10
84	15
83	11
83	8
96	6
103	15
100	17
99	11
97	9
99	15
95	16
101	17
96	14
95	11
93	15
93	12
87	11
88	10
90	9
91	18
85	15
89	12
92	10
89	14
62	13
61	10
66	7
60	11
57	11
57	18
60	11
61	17
58	10
59	19
44	16
51	16
48	14
45	5
55	12
51	12
54	18
50	18
51	12
49	13
22	16
21	10
24	8
21	6
19	20
23	8
26	17
22	14
19	17
17	15
13	16
18	10
13	10
27	19
14	16
15	9
15	19
19	10
18	20
17	12
30	18
29	11
32	11
33	10
31	17
31	17
38	25
29	12
31	10
32	14
20	13
18	19
18	10
19	15
18	15
18	14
20	13
18	22
21	5
20	9
53	12
56	13
52	8
57	11
55	11
58	11
56	15
55	20
52	15
54	17
29	20
33	16
29	12
29	20
33	14
28	18
30	15
33	13
30	11
32	13
21	8
24	14
22	15
21	9
22	15
22	11
23	12
23	9
21	12
22	15
99	10
96	14
92	10
95	17
93	14
96	14
97	21
58	17
92	19
101	19
43	17
43	13
42	11
44	22
44	16
42	10
41	5
46	11
43	11
42	11
0	12
1	15
2	19
2	20
0	19
0	16
1	8
0	11
0	8
1	12
63	13
62	9
60	10
59	8
60	15
60	18
64	10
59	18
41	18
57	12
99	14
95	18
94	11
96	14
99	17
97	6
100	9
88	9
95	13
100	11
100	14
102	14
99	13
103	11
101	12
102	11
108	19
106	20
109	13
101	15
75	14
65	9
69	7
67	13
74	7
70	8
75	12
75	11
71	7
70	10
62	8
58	14
62	15
58	19
58	14
61	10
61	18
56	20
57	17
67	16
64	8
66	13
65	15
72	13
67	16
68	16
67	14
66	10
68	12
70	16
82	5
91	12
82	20
82	9
78	9
82	14
82	12
87	19
87	13
73	9
130	19
135	12
126	9
133	16
132	11
126	12
128	20
125	16
132	10
130	12
2	14
3	16
1	11
3	14
8	10
0	19
1	12
1	20
0	20
0	13
65	15
67	5
67	10
68	18
66	16
64	13
67	14
68	14
65	12
67	20
46	19
43	14
45	10
44	16
45	14
45	11
47	14
50	19
47	15
47	8
76	15
76	24
80	19
76	22
88	17
86	16
77	18
77	18
75	12
72	19
208	12
211	13
207	17
209	7
213	7
205	9
203	23
210	9
211	11
197	9
13	18
10	14
10	17
13	8
12	10
10	16
12	17
17	18
10	12
14	19
83	6
82	14
79	15
80	15
57	16
52	12
53	16
82	12
83	18
78	13
116	19
117	12
121	9
136	6
111	14
115	18
109	18
116	13
109	10
117	10
29	12
38	21
33	11
35	16
32	20
33	9
36	11
31	21
31	16
33	17
94	12
86	16
82	17
83	15
85	17
84	18
82	13
88	10
81	7
87	15
74	10
76	15
73	16
77	18
74	11
81	12
75	12
76	8
75	10
74	20
35	20
35	12
35	14
37	13
34	13
35	18
35	19
34	13
37	11
35	9
32	19
29	22
28	13
31	17
27	9
31	11
30	15
31	21
37	20
27	20
14	15
10	13
11	12
15	17
14	9
10	19
12	16
10	21
10	18
14	12
31	8
32	16
39	7
34	14
34	11
40	12
32	18
32	16
41	10
33	11
73	14
68	17
63	16
65	5
66	5
65	11
65	15
65	20
67	7
67	13
58	19
59	14
60	10
59	6
59	19
58	16
59	9
62	20
59	12
60	14
87	13
87	14
84	16
82	10
90	5
85	19
83	17
87	8
84	6
88	17
12	11
13	13
11	12
12	10
14	10
15	15
12	18
13	13
10	14
13	16
1	15
3	8
2	13
1	16
1	12
0	18
2	11
1	19
1	10
1	17
50	9
50	18
51	20
52	22
51	14
55	13
51	12
50	9
54	15
55	12
311	11
311	13
301	13
296	13
276	14
281	18
292	11
284	9
278	14
244	11
115	12
113	12
121	12
113	12
71	10
74	17
112	7
112	18
111	11
73	11
2	22
2	17
2	16
2	6
1	21
0	15
0	18
0	8
4	11
62	12
61	8
60	15
61	18
58	19
59	19
58	17
58	10
55	17
57	13
75	11
73	15
78	24
79	15
74	16
88	15
53	13
79	13
76	17
82	15
50	12
52	19
56	10
55	9
52	12
56	11
55	13
52	11
57	16
35	10
43	7
47	12
48	12
48	16
43	17
46	10
42	11
47	15
44	10
44	13
4	18
1	15
1	18
0	8
2	15
2	14
2	24
3	19
1	11
0	9
34	8
34	15
33	15
36	15
32	11
33	21
32	12
33	16
32	16
32	18
97	5
92	17
93	13
91	21
90	17
93	9
88	6
88	18
88	11
66	16
29	12
29	12
31	12
28	13
31	7
36	17
35	22
27	16
33	14
30	17
58	18
55	16
59	8
64	4
55	14
55	17
55	12
56	12
60	12
61	10
143	17
141	7
87	20
143	17
134	19
137	22
140	16
138	16
135	8
134	9
57	8
54	18
56	19
54	15
55	9
36	12
51	16
53	12
52	17
56	16
51	9
47	7
50	17
53	13
52	9
48	16
48	9
46	17
45	20
45	16
136	14
89	20
135	10
140	20
137	16
87	14
132	11
142	10
135	12
83	15
0	12
4	6
2	16
0	13
0	21
0	12
0	11
0	15
0	13
2	9
49	11
51	14
59	14
59	16
57	14
51	15
53	10
56	21
56	20
56	18
10	18
16	14
12	20
14	5
16	7
14	18
13	13
11	18
20	15
14	18
37	9
23	15
24	17
29	12
36	13
25	19
24	17
26	19
27	12
31	13
43	14
45	9
41	8
41	11
42	17
41	13
45	10
42	12
41	13
47	14
40	14
41	13
49	7
51	19
40	11
41	20
39	21
36	14
40	20
37	18
31	8
25	6
27	18
30	18
31	15
30	20
29	11
29	19
25	12
27	13
18	13
22	13
16	17
21	12
17	13
20	11
18	10
19	18
28	10
17	13
90	16
81	16
87	15
77	16
80	8
81	12
79	7
82	10
79	20
84	6
53	16
51	10
55	15
60	8
60	7
51	20
54	15
57	15
51	10
52	17
105	13
104	9
100	15
106	10
100	9
103	6
100	10
103	14
102	13
118	6
164	8
161	19
175	11
159	14
155	17
160	9
162	11
158	16
160	21
155	13
1	10
3	17
1	19
4	21
2	13
2	17
2	14
2	13
1	12
55	14
55	14
60	21
58	8
58	12
63	14
61	6
55	13
59	7
54	17
134	20
137	8
137	7
133	11
126	18
127	14
134	14
130	14
130	17
128	10
101	10
106	12
101	10
96	11
105	16
100	15
100	17
97	10
105	6
96	14
0	9
3	15
0	18
2	18
2	15
1	18
1	9
0	22
0	8
1	16
160	9
161	9
151	7
153	11
157	17
151	15
151	11
102	13
149	15
150	8
53	20
51	11
50	12
52	14
57	21
51	10
55	17
51	8
51	14
52	18
0	11
0	22
0	9
3	21
1	13
0	13
0	8
0	22
1	19
2	11
70	19
62	9
64	17
67	20
69	15
70	8
61	13
67	10
63	20
63	11
1	17
4	16
7	11
17	15
8	8
2	13
3	7
0	12
1	22
1	14
113	10
111	17
106	9
114	15
114	16
110	12
104	20
110	10
113	12
107	19
1168	7
909	10
724	10
638	13
596	15
502	16
512	17
455	6
465	15
417	10
57	14
51	14
53	19
56	12
49	14
23	16
15	11
57	8
50	13
51	13
60	25
59	18
63	21
60	21
64	15
61	10
60	18
60	8
63	12
60	9
70	14
77	15
68	13
67	11
73	6
68	15
72	17
70	10
49	19
48	14
21	15
12	9
16	10
15	13
19	16
15	21
22	20
22	12
12	20
16	13
56	14
56	9
58	14
55	12
59	22
55	15
55	17
56	12
58	16
59	12
13	11
13	12
13	18
13	13
14	15
15	12
13	15
13	10
13	11
13	22
17	5
15	14
15	21
13	16
15	12
17	22
13	12
12	16
18	6
15	20
182	8
181	15
194	9
181	5
177	21
179	18
181	13
176	15
180	16
184	11
68	15
65	19
63	12
68	11
62	13
64	14
63	15
67	9
65	13
67	17
102	6
103	8
105	20
110	10
114	14
97	18
109	8
108	8
101	7
108	17
75	14
72	10
75	13
73	13
76	16
77	15
77	12
78	8
73	18
77	15
67	10
68	12
72	11
72	11
68	16
70	10
75	5
65	13
70	14
64	19
71	16
42	17
67	11
64	8
65	12
67	12
68	19
64	10
66	16
64	13
60	18
62	13
62	10
61	7
69	6
64	6
61	12
61	9
63	9
61	14
91	11
90	18
91	11
93	17
88	10
94	11
94	7
88	14
89	15
88	17
12	15
10	22
11	16
10	15
12	21
11	11
10	22
15	22
10	18
23	19
64	17
72	14
65	12
62	18
62	18
70	11
65	24
63	16
63	6
63	10
18	14
19	12
21	16
19	21
21	12
19	10
18	12
18	16
14	14
18	18
57	17
58	20
61	16
59	17
57	21
54	14
56	18
55	19
61	16
57	13
60	14
61	15
68	12
63	6
62	13
68	9
67	16
70	16
63	9
63	18
119	9
118	10
75	15
120	18
119	16
125	9
118	11
119	19
119	19
117	20
53	15
56	25
47	17
63	27
69	7
58	8
59	9
58	19
52	14
50	15
87	14
89	11
84	19
88	16
86	15
80	22
85	16
80	9
83	18
87	17
86	13
84	21
102	9
87	12
82	15
86	11
82	14
85	10
81	9
85	15
27	18
26	22
31	7
26	10
28	12
27	17
36	15
24	8
27	12
34	16
111	9
115	16
111	13
126	14
112	13
109	17
113	21
123	17
114	14
126	17
3	18
0	22
0	9
2	15
0	15
2	15
2	15
3	14
1	14
2	18
60	12
58	15
61	14
59	12
58	18
62	19
62	14
62	16
60	25
58	12
67	16
64	12
61	18
63	12
61	7
62	10
67	12
62	12
61	6
61	12
106	22
145	4
121	16
114	9
104	15
119	18
114	14
94	9
104	13
98	12
76	14
89	10
75	16
75	14
79	19
92	20
77	13
76	21
79	14
78	15
48	21
53	20
48	7
50	9
51	10
53	17
51	12
52	22
50	11
48	11
31	11
38	11
37	18
36	14
36	24
32	23
32	17
32	8
36	6
37	15
60	9
58	12
59	19
60	11
63	19
66	17
59	12
62	14
59	12
61	10
47	20
39	12
55	14
42	15
39	12
54	11
45	17
40	18
45	16
51	8
25	8
33	12
20	21
21	14
22	21
37	10
30	10
25	18
33	19
31	10
12	15
14	10
22	15
18	19
16	14
19	21
23	10
20	9
16	16
18	13
209	12
204	9
198	9
196	16
192	16
189	9
200	7
196	10
192	15
197	17
28	15
27	8
25	12
26	17
30	14
26	6
24	17
25	14
34	14
25	12
180	8
172	15
172	10
171	16
171	20
176	14
173	7
164	4
171	11
165	10
56	8
55	13
55	13
56	12
62	9
59	21
60	14
56	19
61	12
59	12
88	18
79	6
83	8
79	14
83	17
83	9
80	19
81	12
82	12
81	14
288	13
298	7
280	10
267	11
279	22
271	18
266	7
262	15
255	7
36	14
20	21
20	8
20	21
19	14
29	14
23	18
23	11
24	13
22	10
20	17
49	12
51	18
48	17
47	17
47	10
49	16
49	8
46	19
46	11
47	9
152	15
165	16
141	8
134	19
132	10
126	7
142	10
136	5
121	13
135	9
202	22
193	9
194	17
195	13
200	10
197	11
186	11
178	11
187	12
188	8
24	14
29	21
24	15
29	16
29	13
24	18
26	11
26	13
28	11
26	17
55	20
55	13
53	16
57	15
51	12
53	9
56	11
53	11
53	13
56	20
3	14
0	18
2	7
2	22
2	9
0	15
1	19
2	19
2	10
3	13
53	16
53	7
51	8
53	13
55	20
54	5
53	10
49	19
57	12
51	14
1	18
1	15
2	10
4	7
0	9
0	14
1	12
0	22
0	14
1	15
48	18
46	18
54	18
50	17
54	15
52	11
53	18
44	18
53	14
48	22
3	14
0	11
0	15
1	16
0	13
0	14
4	12
0	14
0	16
32	16
27	23
24	15
29	10
32	9
38	12
31	9
28	18
27	17
28	17
131	20
133	16
137	7
135	12
133	15
128	15
126	16
134	9
127	17
129	16
76	16
84	8
73	8
75	15
78	14
72	19
81	9
76	13
72	19
75	13
0	13
2	13
1	13
0	14
1	13
0	14
33	12
3	20
56	10
53	13
57	7
57	9
53	13
57	12
54	13
56	8
53	22
57	6
53	22
66	15
58	16
58	13
55	11
59	14
58	19
55	13
64	18
56	19
28	13
35	13
29	17
38	11
39	7
37	12
30	16
42	19
40	16
37	18
65	17
69	18
70	12
67	12
73	14
69	17
70	14
62	15
76	20
70	15
3	21
0	12
0	14
0	14
2	17
1	17
0	14
0	14
0	11
1	13
77	11
73	11
60	15
62	20
71	9
67	19
63	15
68	9
62	10
61	19
33	7
32	9
30	20
30	8
32	13
32	8
30	20
31	7
31	13
30	15
300	10
298	20
286	6
288	10
278	12
272	8
248	9
246	20
252	13
254	10
260	16
239	14
257	15
251	15
231	15
233	15
236	11
233	16
232	14
230	12
27	16
28	18
28	14
34	13
30	21
32	6
25	15
29	15
31	11
31	13
77	9
78	15
79	23
76	12
77	12
75	8
79	14
77	16
78	17
73	13
59	17
54	22
53	20
55	20
58	8
53	18
53	14
55	20
53	20
56	13
20	11
16	7
16	14
14	8
15	15
14	17
12	16
8	8
14	10
12	10
17	14
16	12
18	9
17	16
15	13
15	11
15	8
15	18
15	18
18	14
14	14
15	20
14	11
13	14
12	14
14	6
19	18
11	14
13	16
13	14
31	4
36	15
29	12
35	11
31	17
29	19
29	15
27	11
35	15
31	9
89	12
93	21
92	13
95	20
92	11
94	20
92	13
92	12
89	10
91	9
94	9
97	12
91	10
90	11
91	20
92	11
88	8
88	15
92	14
89	17
24	16
23	4
24	13
23	14
23	12
24	15
23	11
23	17
24	9
23	17
37	22
30	10
35	8
31	9
31	5
32	21
28	15
33	17
29	20
29	12
100	13
96	15
95	9
100	9
94	6
104	10
93	17
92	11
93	19
94	14
133	20
144	13
136	9
130	13
139	8
151	13
134	12
136	19
139	11
133	16
33	12
31	14
31	11
31	15
32	10
32	8
31	13
32	19
33	7
33	15
111	5
107	11
112	9
106	23
113	14
103	20
104	10
107	15
115	9
105	21
14	15
20	18
12	11
11	8
15	15
14	14
14	20
13	11
15	11
13	16
53	13
50	17
49	9
49	13
50	13
50	13
51	17
50	13
50	21
49	12
65	16
68	12
67	18
66	11
66	11
65	13
64	8
64	15
65	7
66	18
61	20
63	14
60	17
58	8
58	14
56	9
56	22
68	9
60	13
59	13
13	18
11	19
9	21
11	14
10	13
15	11
11	16
16	17
15	11
13	16
12	16
13	14
10	12
12	20
10	10
13	13
13	9
12	19
13	20
12	24
37	13
38	17
37	12
40	21
40	14
43	7
40	19
37	11
37	19
36	14
19	10
21	15
19	18
20	15
19	10
19	13
20	13
18	8
18	20
18	14
53	10
51	20
46	16
50	11
46	14
48	13
50	16
47	13
49	11
54	15
41	19
41	17
40	15
42	15
46	18
41	10
42	17
43	17
43	16
41	10
61	8
63	11
63	24
65	15
67	15
64	17
67	11
62	11
66	16
62	20
56	17
57	4
57	11
58	14
58	8
58	12
56	10
58	12
59	16
58	9
56	9
57	13
50	11
50	15
52	16
59	9
54	9
50	9
51	7
55	14
64	15
64	18
63	6
62	16
64	9
65	9
62	8
62	20
66	9
63	11
97	13
91	12
101	10
89	23
97	13
104	15
91	12
91	14
65	11
91	16
2	21
1	11
6	16
2	22
1	19
0	17
0	8
1	13
0	14
0	15
77	6
80	12
81	11
83	16
79	14
89	11
80	21
81	10
77	18
87	18
73	21
71	18
70	19
69	19
70	13
70	12
73	13
72	12
71	9
66	11
104	7
107	20
102	6
104	16
107	10
105	17
100	5
104	13
102	11
102	18
0	14
3	10
3	17
0	18
1	10
2	9
5	10
0	12
43	10
41	10
35	11
32	15
41	15
36	21
38	21
38	11
35	15
39	14
16	18
15	17
23	21
16	19
26	19
15	23
17	16
19	10
23	13
24	6
47	8
44	21
44	17
45	7
44	18
44	9
45	6
47	12
44	13
42	11
29	24
28	19
30	13
30	11
26	20
28	13
28	14
26	8
32	14
33	12
11	21
11	13
11	15
10	17
10	12
9	14
11	18
8	12
11	18
13	10
102	16
108	9
105	9
97	11
96	15
101	16
95	13
100	12
102	9
102	11
78	5
65	13
67	17
65	15
67	16
72	19
68	8
69	18
66	13
65	14
68	11
70	11
70	16
67	19
66	12
71	15
70	13
70	6
67	15
73	9
50	13
45	13
49	21
42	15
46	15
44	16
43	9
36	19
39	6
43	9
55	16
50	19
51	20
50	16
53	10
56	16
54	15
56	12
49	13
58	18
30	18
20	5
29	16
22	14
24	17
24	12
20	19
27	7
26	10
33	17
1	18
3	15
3	25
2	8
2	12
0	21
5	14
0	19
0	14
164	8
152	13
147	20
143	20
154	8
145	15
144	18
141	14
149	13
141	7
81	20
83	20
100	12
79	22
90	21
83	7
79	21
84	19
84	15
87	13
20	11
12	16
14	18
21	10
17	8
16	16
15	16
20	22
15	16
13	10
19	13
12	12
11	13
11	15
12	12
15	22
15	13
15	14
17	14
15	20
15	17
12	20
17	19
12	17
15	18
12	7
11	14
10	18
12	18
10	12
75	15
67	16
81	9
70	14
71	14
79	12
76	15
70	11
72	19
75	16
51	15
51	17
55	16
53	20
49	9
56	11
50	16
50	17
51	14
57	12
57	9
58	12
59	15
56	15
53	9
58	16
58	12
59	21
54	19
52	12
95	15
96	14
94	13
96	18
99	9
92	10
93	18
97	11
103	15
93	16
2	11
3	16
6	15
2	9
2	14
1	18
5	11
0	12
0	15
63	16
66	11
68	16
62	16
65	19
67	13
66	11
60	11
67	14
68	14
27	18
22	8
23	13
26	11
23	15
25	17
23	20
22	15
35	14
23	8
87	6
84	20
87	11
84	17
88	18
92	19
85	12
87	10
89	11
90	9
82	22
87	10
76	17
85	13
90	22
77	17
68	13
77	14
76	12
72	18
108	11
106	11
108	10
107	10
101	10
104	14
106	17
108	18
103	14
107	15
68	13
71	15
73	10
74	17
67	11
69	10
73	13
67	15
67	16
71	19
65	21
66	19
60	22
71	8
66	16
62	19
57	18
62	20
65	12
59	12
70	24
69	11
69	19
73	15
70	9
70	14
66	12
71	14
71	18
67	20
93	12
98	15
92	7
100	9
96	16
100	14
98	13
61	16
96	17
95	15
197	9
200	11
194	23
202	14
120	11
179	11
183	12
182	18
191	16
186	24
62	10
62	16
58	18
60	11
62	15
65	11
61	18
60	14
57	13
57	10
38	13
48	19
35	13
48	14
39	16
36	17
40	20
42	13
49	11
39	6
0	15
2	8
0	15
0	15
1	21
3	16
3	21
1	11
0	16
0	17
135	19
128	16
127	11
119	8
127	11
126	20
119	13
124	17
119	8
112	13
126	20
129	18
125	9
130	16
124	10
119	20
120	7
120	17
125	13
131	10
49	22
45	13
47	13
39	16
46	17
41	21
40	16
42	12
35	16
44	4
69	11
66	12
64	7
67	15
67	18
65	10
68	10
66	18
65	18
67	13
107	13
98	19
103	9
103	6
101	15
108	10
99	17
97	14
101	13
94	16
57	17
54	18
61	12
57	8
57	10
55	10
56	6
57	20
58	15
58	12
102	11
103	15
98	8
95	13
96	16
97	15
95	11
97	12
98	9
96	9
143	9
84	11
88	14
149	9
134	17
136	14
146	12
142	17
136	11
139	20
0	15
1	12
3	10
0	4
4	12
0	13
0	11
1	20
0	9
0	21
69	14
67	14
65	11
69	12
73	20
71	14
67	18
68	9
70	12
65	12
50	7
49	11
49	11
51	17
48	9
49	5
51	21
51	15
50	10
52	11
1	12
9	5
0	8
73	21
74	10
67	10
72	9
68	19
71	9
81	13
70	15
72	17
71	10
66	19
67	19
68	7
67	16
71	13
72	17
63	19
66	12
65	13
64	8
204	14
197	19
212	6
198	8
201	10
195	17
195	17
213	13
187	15
191	5
43	14
39	17
38	20
44	10
37	16
39	14
45	16
39	18
45	16
44	23
77	10
87	16
80	6
76	15
73	18
73	16
74	12
73	11
76	10
73	11
62	16
67	19
62	11
66	11
60	14
62	11
64	14
60	16
65	14
67	13
69	11
67	19
71	18
74	16
69	11
72	16
68	14
69	11
66	11
69	13
2	16
0	14
0	11
0	15
0	13
0	14
4	12
0	14
0	16
81	9
78	14
80	16
52	11
53	20
81	18
79	13
79	19
75	18
76	11
3	21
0	16
1	19
2	20
0	14
0	18
3	16
0	20
0	13
2	12
151	19
142	15
143	10
89	15
142	17
142	15
89	14
140	11
135	13
142	11
1	16
0	16
6	15
0	12
1	9
3	20
0	18
2	14
4	20
2	16
61	11
57	10
40	18
56	14
58	9
58	17
59	15
58	16
57	10
58	21
62	9
69	14
63	21
67	13
62	14
61	15
63	10
64	12
64	15
61	13
47	19
47	19
46	21
46	12
45	14
49	22
44	15
45	15
47	12
46	14
70	19
73	16
73	19
71	11
73	12
68	17
69	9
74	15
69	18
70	14
86	13
90	11
87	8
86	7
88	16
87	8
85	15
86	12
85	14
88	7
200	13
59	10
194	17
191	6
191	14
187	19
183	9
181	14
191	13
182	13
58	9
101	11
96	14
101	17
96	18
101	12
96	13
88	20
96	16
89	19
76	12
74	15
76	21
75	13
77	24
79	14
75	19
74	21
79	11
77	15
56	19
56	9
55	15
50	16
52	12
56	17
60	22
52	13
61	13
52	14
49	14
47	18
46	15
44	14
44	17
42	19
46	17
44	11
44	12
50	12
53	9
47	19
47	17
52	18
50	17
50	16
51	17
52	21
48	10
54	17
45	18
45	13
54	15
46	12
53	8
47	17
46	6
45	16
53	14
48	14
40	7
43	14
40	16
41	8
39	17
40	12
40	12
40	18
40	14
40	13
1	13
1	17
3	10
2	14
1	16
0	12
2	13
4	18
3	12
1	18
0	20
1	19
0	22
0	14
5	16
1	18
1	10
3	23
91	14
91	14
92	18
91	19
92	5
94	5
96	15
90	12
92	9
90	10
76	15
76	16
68	15
69	13
73	6
74	11
68	15
71	12
68	19
70	14
41	15
43	9
42	16
40	10
42	13
43	19
42	16
42	15
39	16
39	18
2	18
2	9
1	18
0	17
1	21
1	17
0	15
0	13
0	20
2	13
2	18
1	12
1	15
0	14
1	14
0	13
2	12
1	15
53	10
56	8
55	12
54	18
55	18
52	23
51	17
52	17
56	10
53	8
2	14
0	19
1	16
0	14
0	13
2	18
0	14
2	8
1	11
0	19
0	9
1	17
3	12
3	15
0	15
1	20
1	10
1	19
0	14
0	16
41	16
38	4
39	17
39	13
38	10
37	11
38	16
37	21
38	16
36	13
41	17
38	16
39	16
38	18
34	7
40	20
37	13
39	8
35	15
36	18
68	18
51	13
45	15
44	11
46	15
36	19
41	14
43	11
40	17
47	20
47	10
46	8
44	6
44	7
46	13
44	13
44	18
45	17
43	9
44	19
84	10
87	13
84	14
84	8
81	18
81	18
82	12
51	19
81	16
80	12
61	10
59	6
68	15
62	12
58	14
72	13
55	7
60	16
57	8
55	18
43	14
44	19
43	14
44	19
41	16
44	12
41	17
46	13
38	16
41	22
18	11
18	11
18	14
20	15
19	13
18	18
18	8
19	10
18	10
15	16
47	16
45	11
44	10
47	17
46	20
47	15
47	9
45	10
44	10
45	15
12	16
14	16
16	11
11	11
14	14
11	20
11	17
18	12
11	17
12	13
130	10
122	7
132	17
131	16
122	12
129	9
125	6
119	8
122	10
122	20
52	11
49	12
53	13
50	7
44	16
52	16
47	19
58	11
46	15
49	21
12	10
11	24
9	12
17	15
12	15
15	23
14	14
13	22
13	10
10	14
0	12
1	10
1	19
4	21
2	13
0	12
2	17
2	14
2	13
41	14
41	15
45	16
47	13
39	11
46	15
39	13
39	20
39	23
45	6
123	19
130	9
44	15
124	16
128	13
123	15
119	19
125	17
128	17
121	19
46	14
52	12
49	16
52	16
51	19
48	14
49	9
49	15
53	13
60	17
45	20
46	15
44	10
49	14
48	11
44	16
45	12
45	13
49	21
42	15
65	12
67	13
66	17
64	9
60	13
63	12
66	16
62	15
66	12
60	14
54	14
55	6
60	12
60	21
57	16
56	9
59	21
58	15
58	21
59	19
25	8
25	10
24	8
24	19
25	11
27	18
26	11
25	19
24	16
23	4
48	15
47	17
52	13
50	9
51	10
47	12
45	15
49	9
45	21
48	18
27	7
28	12
26	13
26	13
26	14
27	17
27	7
26	17
27	11
26	14
63	17
91	17
87	8
92	10
91	14
59	13
85	9
87	22
90	15
90	5
52	15
56	11
55	13
57	8
53	14
53	16
54	6
57	8
54	14
53	16
0	9
1	12
3	19
4	13
2	17
2	12
4	20
2	9
0	10
1	5
32	13
29	8
37	12
31	18
29	17
32	11
36	13
32	13
31	19
35	14
78	15
68	13
75	12
70	15
75	15
81	17
77	12
74	16
70	12
71	16
74	17
51	22
51	10
73	15
73	10
72	16
74	19
70	18
77	18
72	20
67	13
69	16
69	13
69	13
62	18
63	16
71	18
60	7
63	5
62	12
45	13
43	17
43	12
43	8
41	12
43	16
41	9
43	12
43	13
47	17
75	18
81	17
80	15
74	19
73	9
74	16
77	9
70	12
76	12
75	12
220	10
209	16
236	18
206	11
215	22
207	12
188	17
193	17
196	9
179	20
11	19
18	15
9	22
8	17
10	14
13	14
15	16
13	14
15	15
11	13
187	21
183	15
188	16
182	10
184	13
177	17
114	9
112	12
183	16
182	13
32	16
29	9
28	16
29	14
31	13
29	17
39	18
30	8
32	15
30	10
246	7
231	9
234	13
240	8
221	15
234	12
210	13
232	8
194	12
188	18
59	12
60	14
63	14
61	10
61	11
62	17
61	14
42	10
58	19
61	14
79	9
77	17
71	20
77	14
74	14
71	12
73	9
74	21
73	15
76	12
36	22
34	14
47	14
35	11
42	8
38	15
34	11
36	20
43	16
40	12
80	13
84	17
89	6
83	8
86	18
88	22
84	9
90	11
82	15
81	7
35	19
34	11
30	13
38	21
31	17
39	15
35	9
32	13
36	9
35	19
120	19
117	17
115	17
114	14
113	15
118	15
114	6
115	13
111	12
112	14
25	18
26	22
26	12
25	18
29	15
32	18
30	13
32	19
33	6
26	8
55	17
47	16
47	12
50	13
56	18
47	7
45	11
43	23
51	19
49	14
140	9
127	19
132	16
124	18
134	7
125	9
132	18
141	9
136	8
125	17
53	10
46	11
66	19
44	7
46	17
0	15
7	7
38	16
41	8
39	3
38	12
44	22
38	15
39	14
39	19
38	11
38	13
38	8
40	9
31	16
31	14
29	7
33	10
31	14
32	15
37	17
33	9
29	17
33	11
55	8
55	14
59	16
66	19
57	20
56	16
56	15
54	17
37	6
38	14
34	5
32	21
24	17
26	24
36	20
28	10
30	12
42	17
32	15
43	10
62	12
68	13
62	8
63	21
62	16
65	16
63	18
65	12
62	19
61	13
3	19
1	9
0	10
1	16
0	12
2	13
0	9
0	12
2	14
106	13
108	13
109	7
110	18
108	10
113	15
106	15
104	7
105	11
108	14
28	10
30	14
29	9
28	12
28	15
29	12
28	8
29	7
28	8
30	17
21	9
20	9
19	17
17	18
16	16
16	17
15	7
16	11
15	10
17	3
1	8
0	16
4	15
3	19
1	18
0	20
0	19
2	16
0	17
1	16
62	15
64	15
64	12
61	13
60	12
60	4
59	14
57	18
61	13
55	17
196	7
193	10
185	13
194	13
185	10
56	15
194	12
186	14
187	13
179	17
15	12
17	15
14	17
14	13
15	20
16	12
19	18
16	15
14	19
18	8
169	13
174	7
171	12
178	8
175	13
172	14
167	14
175	18
165	7
171	12
25	21
23	13
32	14
30	15
24	12
24	17
25	14
24	14
24	20
26	15
35	17
35	8
45	9
35	19
38	11
40	15
38	13
39	16
40	19
39	14
42	16
36	22
37	20
46	14
37	10
37	21
41	19
45	9
44	19
40	12
28	17
25	14
29	11
35	17
25	6
29	14
28	14
24	16
27	13
28	11
53	15
55	18
59	11
56	10
59	9
56	9
56	17
54	12
53	12
54	20
71	19
71	21
70	18
71	9
69	13
70	6
70	19
68	13
68	12
67	17
65	19
69	10
64	18
67	19
68	16
67	12
65	13
68	11
70	9
68	8
36	23
39	10
37	12
38	9
36	13
38	12
35	17
35	15
35	15
35	20
75	20
71	9
73	15
74	14
74	18
74	21
69	9
71	14
72	10
72	8
43	8
40	19
42	6
35	14
38	16
42	14
40	16
40	14
41	13
49	7
113	14
110	11
117	8
77	16
106	16
112	18
110	16
106	10
113	11
115	10
111	17
111	19
111	13
108	17
114	6
109	10
115	17
109	12
105	12
112	17
94	17
89	14
98	10
109	13
97	17
97	9
93	11
107	13
93	16
101	16
20	11
20	15
20	17
20	12
20	9
22	20
21	16
20	9
19	8
21	13
0	14
0	9
0	10
0	13
2	14
0	18
8	8
1	14
1	15
5	20
62	15
58	19
58	14
61	10
56	20
67	16
54	19
61	12
55	9
56	11
45	11
50	14
47	7
43	15
44	13
50	9
45	8
47	13
55	14
50	12
51	17
50	9
49	14
49	13
52	8
45	16
48	15
47	10
47	15
43	5
50	15
53	19
52	11
56	22
54	10
51	10
50	21
60	16
55	16
55	14
56	12
57	13
58	16
57	13
58	15
59	8
61	13
57	14
54	6
54	7
0	11
0	22
0	14
2	19
0	9
1	15
0	15
1	16
0	16
38	15
40	9
37	19
40	18
39	17
41	20
37	11
43	8
40	19
38	16
0	11
0	19
0	11
1	9
10	21
1	13
0	17
0	15
0	18
2	19
66	9
62	21
59	13
61	15
54	14
61	13
57	21
59	9
63	21
51	12
86	18
84	20
81	8
82	18
91	19
81	11
88	8
79	20
86	15
87	18
32	15
41	12
36	13
27	24
32	19
39	11
17	19
31	22
32	8
33	17
0	13
1	18
2	13
0	19
1	13
0	14
1	21
0	13
0	14
77	15
72	10
78	14
82	11
75	4
77	11
80	15
74	14
79	7
75	14
16	15
11	16
12	10
14	7
10	13
10	17
11	14
11	15
11	14
12	17
75	12
81	12
78	13
76	9
74	19
78	19
74	15
75	10
71	9
76	11
64	11
66	16
61	18
62	6
72	12
59	17
63	18
62	8
64	9
63	7
26	16
31	10
23	18
28	17
24	16
30	11
22	9
32	19
25	11
27	17
64	8
61	13
63	19
61	12
62	18
60	15
65	10
61	8
61	16
65	6
2	12
1	11
2	10
3	12
0	12
4	6
2	16
2	20
0	13
1	11
15	21
25	11
19	10
27	13
19	20
19	18
24	19
21	17
30	20
19	23
10	11
10	12
9	13
13	6
13	13
13	16
13	19
11	11
10	22
12	20
6	11
0	6
0	4
16	19
20	12
11	6
13	13
11	8
13	12
19	14
18	22
15	11
10	16
36	11
32	6
32	16
41	15
37	12
33	9
31	23
32	11
31	7
33	8
68	6
61	13
59	8
58	19
62	13
64	19
62	15
60	19
59	14
62	19
40	16
44	17
30	20
34	8
30	14
38	14
40	15
37	12
39	16
44	19
140	15
144	10
138	10
142	12
143	11
141	17
142	9
144	9
144	17
142	9
11	9
9	9
14	19
14	10
21	11
16	13
14	12
10	16
12	12
11	22
27	16
24	14
25	13
25	17
27	18
31	17
25	11
31	20
31	8
28	19
72	16
73	17
74	14
78	17
77	16
75	15
82	7
72	12
75	19
77	15
19	23
10	20
14	14
10	17
13	14
20	6
17	20
14	12
14	22
11	17
21	11
14	8
19	20
12	14
13	7
16	15
17	10
12	12
10	10
18	13
34	5
33	14
39	13
34	20
37	12
31	11
37	22
33	15
38	18
40	5
46	19
44	9
46	9
48	11
47	9
49	7
43	17
42	5
46	12
46	19
41	8
40	8
46	11
44	15
41	14
40	17
41	11
40	11
40	9
41	16
36	14
40	20
41	11
37	18
39	16
41	16
38	4
39	17
39	13
38	10
3	19
1	17
2	14
1	9
2	17
2	15
4	10
2	15
2	16
2	19
21	15
13	8
11	19
10	14
11	16
16	22
9	16
12	13
18	11
9	20
427	16
415	10
417	11
415	15
408	14
415	8
403	11
399	11
399	16
364	13
704	8
464	10
359	13
303	12
251	13
238	9
218	6
194	12
198	9
170	18
54	17
63	13
62	13
58	12
64	19
39	21
62	15
60	17
59	9
53	16
74	12
74	12
74	20
77	8
71	18
75	9
71	5
73	15
72	12
75	13
69	18
70	16
68	17
67	18
70	14
69	8
76	13
66	10
68	11
70	11
61	20
61	16
65	8
65	9
59	14
59	17
64	15
61	17
64	14
59	19
69	10
70	20
67	22
67	11
69	13
71	16
77	18
80	6
71	15
66	12
59	14
65	4
59	8
60	10
60	9
38	8
55	22
51	7
51	4
52	15
53	17
58	16
54	21
54	7
51	17
53	16
53	13
56	15
55	16
53	9
60	20
63	15
58	15
60	9
60	8
60	9
64	10
60	18
63	17
60	10
65	13
69	12
63	11
63	10
67	9
67	16
64	10
65	12
63	15
64	13
12	9
19	10
14	10
13	12
15	12
13	8
13	15
12	19
13	17
16	18
49	19
49	17
47	19
48	17
53	12
49	16
55	16
53	15
50	13
48	16
43	17
43	16
45	11
30	15
47	11
44	13
41	15
43	15
43	19
41	14
68	11
75	9
71	8
72	14
72	15
71	12
73	15
68	14
72	7
70	15
77	11
73	17
73	15
73	16
75	11
75	10
77	18
74	21
74	13
53	6
111	18
115	14
111	9
111	10
114	8
110	9
118	14
113	14
119	9
109	9
33	14
37	18
33	7
36	10
33	20
34	10
32	22
33	14
34	8
34	15
36	7
34	7
35	10
39	10
33	11
33	12
35	9
30	16
30	10
29	4
74	13
71	15
74	9
70	9
74	13
72	11
77	13
71	15
74	19
74	13
52	17
56	16
51	14
58	14
53	13
55	15
54	7
54	17
57	12
53	15
40	18
45	18
40	12
42	10
39	18
39	19
38	11
39	8
38	12
35	15
47	14
47	13
47	10
46	14
49	10
47	16
47	13
49	13
45	9
46	8
86	21
83	15
87	11
81	11
87	18
85	19
95	11
88	10
81	22
86	15
37	9
37	18
36	6
41	13
38	12
35	19
40	6
39	10
44	20
40	8
227	9
220	13
223	19
219	14
220	9
217	10
219	12
214	17
216	18
218	16
50	16
57	18
61	20
56	14
60	9
51	8
59	14
50	21
52	12
60	15
99	18
94	16
99	13
113	11
96	12
103	17
105	13
100	19
99	7
103	20
16	13
14	10
11	10
12	9
11	7
16	11
13	12
12	8
9	12
14	21
28	10
23	17
25	17
24	15
27	15
26	10
28	9
29	22
25	18
26	15
144	11
138	12
146	10
141	15
142	9
142	11
140	13
141	14
139	9
142	12
77	14
79	16
73	14
74	14
71	14
50	11
74	10
78	13
75	22
77	12
136	6
126	14
89	10
131	14
132	13
123	12
80	10
125	19
125	19
82	6
4	19
3	23
2	10
0	9
0	8
2	11
3	19
1	10
2	12
72	12
71	12
81	11
84	12
73	16
78	15
37	8
69	14
72	15
76	15
50	17
54	13
51	8
49	15
54	10
57	8
57	18
54	11
59	12
53	17
88	10
90	11
91	8
92	9
87	6
86	10
85	14
93	9
94	15
87	10
182	12
175	5
169	8
175	15
172	10
171	19
175	7
183	18
170	9
163	15
105	13
103	15
106	13
108	13
104	11
104	12
103	12
101	12
99	12
98	11
130	19
128	13
129	15
135	8
79	15
129	9
126	13
133	12
124	21
123	11
0	12
5	10
0	12
1	10
3	13
0	14
0	17
2	14
0	18
2	8
26	9
32	6
31	11
28	15
28	19
26	13
31	23
30	10
23	20
25	19
90	22
96	15
93	12
92	10
98	9
97	14
100	6
100	11
93	12
93	16
16	11
13	17
12	10
11	14
12	17
16	17
15	18
12	12
12	12
18	14
42	17
47	19
47	16
47	19
45	3
45	14
49	12
38	8
42	10
44	14
33	16
38	9
30	19
34	7
27	6
31	11
34	12
30	14
30	17
32	18
76	8
75	12
74	3
72	14
73	12
76	11
75	17
75	15
71	11
74	10
22	14
27	17
29	15
25	10
30	8
27	23
27	12
30	11
29	15
27	17
32	9
27	7
29	10
36	16
23	11
32	12
28	11
26	20
28	11
27	15
75	13
73	18
70	9
74	20
74	21
73	7
71	14
74	12
76	12
69	14
45	17
50	16
54	21
50	23
51	13
52	18
34	21
49	17
48	10
57	18
12	15
8	15
16	13
9	12
10	14
15	13
11	14
9	12
22	18
9	20
40	18
36	14
32	16
39	9
36	13
40	9
34	18
34	23
36	9
36	20
45	11
45	22
48	17
47	16
46	13
44	10
46	16
49	12
47	11
46	17
52	14
53	8
53	13
50	12
50	14
53	11
48	18
51	15
50	8
53	14
54	16
54	15
55	12
52	19
54	9
51	18
52	17
57	20
54	16
54	18
64	16
68	12
69	10
69	7
64	16
67	10
69	17
63	16
68	15
65	19
